710
285
517
851
964
57
653
230
191
353
706
619
170
630
296
782
592
560
94
952
819
687
699
45
430
955
883
532
149
35
460
850
712
351
901
26
321
704
749
443
59
924
916
447
765
151
961
563
751
862
737
310
542
394
490
909
742
495
885
426
262
605
968
64
188
386
861
906
986
922
323
469
739
664
309
959
193
105
140
713
153
760
335
106
416
927
221
27
152
551
117
68
702
829
777
408
966
655
133
38
569
525
41
417
498
584
102
261
361
468
493
701
601
120
441
484
743
815
77
379
357
207
445
931
800
647
786
778
331
96
899
33
552
241
501
369
181
69
300
302
660
184
78
349
798
371
904
723
531
814
340
147
677
198
581
523
898
696
12
639
79
404
521
53
123
16
565
466
259
787
111
683
367
75
590
919
813
864
662
907
976
627
34
19
23
859
55
246
162
99
90
508
665
554
890
671
284
995
54
42
892
812
267
168
393
365
449
109
839
990
4
387
286
473
688
222
524
729
881
557
996
872
350
921
231
360
305
889
236
825
960
374
724
529
608
308
930
291
411
507
2
680
402
564
817
317
17
998
516
95
